0.600000000	-0.028684483
0.602000000	-0.030200886
0.604000000	-0.031718688
0.606000000	-0.033240122
0.608000000	-0.034767403
0.610000000	-0.036304844
0.612000000	-0.037856157
0.614000000	-0.039426531
0.616000000	-0.041021831
0.618000000	-0.042647742
0.620000000	-0.044311068
0.622000000	-0.046021647
0.624000000	-0.047787357
0.626000000	-0.049616577
0.628000000	-0.051521379
0.630000000	-0.053508013
0.632000000	-0.055592520
0.634000000	-0.057784593
0.636000000	-0.060095446
0.638000000	-0.062538634
0.640000000	-0.065130604
0.642000000	-0.067889528
0.644000000	-0.070826999
0.646000000	-0.073961847
0.648000000	-0.077324724
0.650000000	-0.080926445
0.652000000	-0.084790501
0.654000000	-0.088926531
0.656000000	-0.093343768
0.658000000	-0.097998234
0.660000000	-0.102790433
0.662000000	-0.107413755
0.664000000	-0.111141553
0.666000000	-0.112097984
0.668000000	-0.104973614
0.670000000	-0.069084633
0.672000000	0.250147615
0.674000000	0.530722097
0.676000000	0.590250811
0.678000000	0.632946790
0.680000000	0.667704281
0.682000000	0.697125209
0.684000000	0.722532329
0.686000000	0.744750353
0.688000000	0.764349120
0.690000000	0.781750389
0.692000000	0.797280696
0.694000000	0.811200627
0.696000000	0.823722831
0.698000000	0.835023769
0.700000000	0.845251779
