0.300000000	0.031229372
0.302000000	0.031915148
0.304000000	0.032651313
0.306000000	0.033443024
0.308000000	0.034296117
0.310000000	0.035217222
0.312000000	0.036213878
0.314000000	0.037294705
0.316000000	0.038469581
0.318000000	0.039749856
0.320000000	0.041148649
0.322000000	0.042681134
0.324000000	0.044365014
0.326000000	0.046220969
0.328000000	0.048273232
0.330000000	0.050550603
0.332000000	0.053087181
0.334000000	0.055923923
0.336000000	0.059110384
0.338000000	0.062707222
0.340000000	0.066789733
0.342000000	0.071452972
0.344000000	0.076819611
0.346000000	0.083052354
0.348000000	0.090373763
0.350000000	0.099101228
0.352000000	0.109712187
0.354000000	0.122972547
0.356000000	0.140225389
0.358000000	0.164152673
0.360000000	0.201448372
0.362000000	0.284655091
0.364000000	0.741883044
0.366000000	0.798412656
0.368000000	0.826385910
0.370000000	0.845915403
0.372000000	0.860981261
0.374000000	0.873206207
0.376000000	0.883439830
0.378000000	0.892191302
0.380000000	0.899793375
0.382000000	0.906476925
0.384000000	0.912409491
0.386000000	0.917716903
0.388000000	0.922496243
0.390000000	0.926824135
0.392000000	0.930762147
0.394000000	0.934360541
0.396000000	0.937660889
0.398000000	0.940697957
0.400000000	0.943501132
0.402000000	0.946095450
0.404000000	0.948502419
0.406000000	0.950740640
0.408000000	0.952826296
0.410000000	0.954773552
0.412000000	0.956594867
0.414000000	0.958301241
0.416000000	0.959902442
0.418000000	0.961407166
0.420000000	0.962823189
0.422000000	0.964157481
0.424000000	0.965416318
0.426000000	0.966605356
0.428000000	0.967729716
0.430000000	0.968794039
0.432000000	0.969802545
0.434000000	0.970759079
0.436000000	0.971667149
0.438000000	0.972529965
0.440000000	0.973350471
0.442000000	0.974131364
0.444000000	0.974875130
0.446000000	0.975584056
0.448000000	0.976260250
0.450000000	0.976905663
0.452000000	0.977522098
0.454000000	0.978111224
0.456000000	0.978674592
0.458000000	0.979213639
0.460000000	0.979729704
0.462000000	0.980224032
0.464000000	0.980697782
0.466000000	0.981152037
0.468000000	0.981587808
0.470000000	0.982006038
0.472000000	0.982407612
0.474000000	0.982793358
0.476000000	0.983164049
0.478000000	0.983520414
0.480000000	0.983863136
0.482000000	0.984192856
0.484000000	0.984510178
0.486000000	0.984815668
0.488000000	0.985109862
0.490000000	0.985393264
0.492000000	0.985666346
0.494000000	0.985929559
0.496000000	0.986183324
0.498000000	0.986428042
0.500000000	0.986664091
0.502000000	0.986891828
0.504000000	0.987111589
0.506000000	0.987323698
0.508000000	0.987528456
0.510000000	0.987726150
0.512000000	0.987917054
0.514000000	0.988101426
0.516000000	0.988279523
0.518000000	0.988451545
0.520000000	0.988617745
0.522000000	0.988778325
0.524000000	0.988933483
0.526000000	0.989083410
0.528000000	0.989228287
0.530000000	0.989368290
0.532000000	0.989503572
0.534000000	0.989634301
0.536000000	0.989760620
0.538000000	0.989882673
0.540000000	0.990000604
0.542000000	0.990114513
0.544000000	0.990224550
0.546000000	0.990330825
0.548000000	0.990433448
0.550000000	0.990532527
0.552000000	0.990628161
0.554000000	0.990720450
0.556000000	0.990809484
0.558000000	0.990895361
0.560000000	0.990978138
0.562000000	0.991057923
0.564000000	0.991134783
0.566000000	0.991208792
0.568000000	0.991280026
0.570000000	0.991348528
0.572000000	0.991414386
0.574000000	0.991477652
0.576000000	0.991538383
0.578000000	0.991596634
0.580000000	0.991652457
0.582000000	0.991705902
0.584000000	0.991757020
0.586000000	0.991805842
0.588000000	0.991852424
0.590000000	0.991896803
0.592000000	0.991939016
0.594000000	0.991979100
0.596000000	0.992017088
0.598000000	0.992053012
0.600000000	0.992086903
0.602000000	0.992118790
0.604000000	0.992148699
0.606000000	0.992176655
0.608000000	0.992202681
0.610000000	0.992226800
0.612000000	0.992249030
0.614000000	0.992269391
0.616000000	0.992287900
0.618000000	0.992304572
0.620000000	0.992319421
0.622000000	0.992332459
0.624000000	0.992343699
0.626000000	0.992353149
0.628000000	0.992360817
0.630000000	0.992366711
0.632000000	0.992370836
0.634000000	0.992373197
0.636000000	0.992373795
0.638000000	0.992372633
0.640000000	0.992369711
0.642000000	0.992365027
0.644000000	0.992358579
0.646000000	0.992350362
0.648000000	0.992340372
0.650000000	0.992328602
0.652000000	0.992315044
0.654000000	0.992299688
0.656000000	0.992282523
0.658000000	0.992263537
0.660000000	0.992242717
0.662000000	0.992220047
0.664000000	0.992195511
0.666000000	0.992169090
0.668000000	0.992140765
0.670000000	0.992110514
0.672000000	0.992078315
0.674000000	0.992044142
0.676000000	0.992007970
0.678000000	0.991969770
0.680000000	0.991929514
0.682000000	0.991887168
0.684000000	0.991842700
0.686000000	0.991796075
0.688000000	0.991747254
0.690000000	0.991696198
0.692000000	0.991642866
0.694000000	0.991587214
0.696000000	0.991529195
0.698000000	0.991468761
0.700000000	0.991405861
0.702000000	0.991340441
0.704000000	0.991272445
0.706000000	0.991201814
0.708000000	0.991128486
0.710000000	0.991052395
0.712000000	0.990973475
0.714000000	0.990891653
0.716000000	0.990806855
0.718000000	0.990719001
0.720000000	0.990628010
0.722000000	0.990533797
0.724000000	0.990436270
0.726000000	0.990335335
0.728000000	0.990230893
0.730000000	0.990122841
0.732000000	0.990011069
0.734000000	0.989895464
0.736000000	0.989775906
0.738000000	0.989652270
0.740000000	0.989524425
0.742000000	0.989392232
0.744000000	0.989255548
0.746000000	0.989114221
0.748000000	0.988968091
0.750000000	0.988816991
0.752000000	0.988660747
0.754000000	0.988499173
0.756000000	0.988332075
0.758000000	0.988159250
0.760000000	0.987980484
0.762000000	0.987795551
0.764000000	0.987604212
0.766000000	0.987406220
0.768000000	0.987201309
0.770000000	0.986989202
0.772000000	0.986769606
0.774000000	0.986542212
0.776000000	0.986306693
0.778000000	0.986062705
0.780000000	0.985809883
0.782000000	0.985547842
0.784000000	0.985276173
0.786000000	0.984994445
0.788000000	0.984702200
0.790000000	0.984398951
0.792000000	0.984084184
0.794000000	0.983757352
0.796000000	0.983417873
0.798000000	0.983065128
0.800000000	0.982698458
0.802000000	0.982317162
0.804000000	0.981920493
0.806000000	0.981507649
0.808000000	0.981077780
0.810000000	0.980629971
0.812000000	0.980163246
0.814000000	0.979676557
0.816000000	0.979168781
0.818000000	0.978638711
0.820000000	0.978085047
0.822000000	0.977506393
0.824000000	0.976901240
0.826000000	0.976267960
0.828000000	0.975604793
0.830000000	0.974909830
0.832000000	0.974181004
0.834000000	0.973416064
0.836000000	0.972612562
0.838000000	0.971767829
0.840000000	0.970878944
0.842000000	0.969942712
0.844000000	0.968955621
0.846000000	0.967913808
0.848000000	0.966813014
0.850000000	0.965648521
0.852000000	0.964415099
0.854000000	0.963106924
0.856000000	0.961717493
0.858000000	0.960239513
0.860000000	0.958664779
0.862000000	0.956984015
0.864000000	0.955186685
0.866000000	0.953260764
0.868000000	0.951192444
0.870000000	0.948965775
0.872000000	0.946562201
0.874000000	0.943959966
0.876000000	0.941133343
0.878000000	0.938051609
0.880000000	0.934677657
0.882000000	0.930966104
0.884000000	0.926860608
0.886000000	0.922290002
0.888000000	0.917162530
0.890000000	0.911356924
0.892000000	0.904707969
0.894000000	0.896981819
0.896000000	0.887830694
0.898000000	0.876701681
0.900000000	0.862627646
0.902000000	0.843644617
0.904000000	0.814505208
0.906000000	0.745294499
0.908000000	0.319581117
0.910000000	0.213973654
0.912000000	0.168475478
0.914000000	0.140134449
0.916000000	0.119998312
0.918000000	0.104586712
0.920000000	0.092198683
0.922000000	0.081886140
0.924000000	0.073074838
0.926000000	0.065395792
0.928000000	0.058601492
0.930000000	0.052521810
0.932000000	0.047036500
0.934000000	0.042058785
0.936000000	0.037524521
0.938000000	0.033384587
0.940000000	0.029600023
0.942000000	0.026138639
0.944000000	0.022972780
0.946000000	0.020077759
0.948000000	0.017431075
0.950000000	0.015012014
0.952000000	0.012801156
0.954000000	0.010780393
0.956000000	0.008932857
0.958000000	0.007242873
0.960000000	0.005695969
0.962000000	0.004278838
0.964000000	0.002979304
0.966000000	0.001786274
0.968000000	0.000689679
0.970000000	-0.000319592
0.972000000	-0.001249764
0.974000000	-0.002108246
0.976000000	-0.002901708
0.978000000	-0.003636145
0.980000000	-0.004316942
0.982000000	-0.004948941
0.984000000	-0.005536481
0.986000000	-0.006083476
0.988000000	-0.006593438
0.990000000	-0.007069529
0.992000000	-0.007514599
0.994000000	-0.007931216
0.996000000	-0.008321699
0.998000000	-0.008688144
1.000000000	-0.009032448
