0.300000000	0.017983810
0.310000000	0.018096763
0.320000000	0.018226530
0.330000000	0.018376372
0.340000000	0.018550346
0.350000000	0.018753552
0.360000000	0.018992459
0.370000000	0.019275362
0.380000000	0.019613033
0.390000000	0.020019638
0.400000000	0.020514112
0.410000000	0.021122174
0.420000000	0.021879457
0.430000000	0.022836458
0.440000000	0.024066602
0.450000000	0.025679892
0.460000000	0.027847183
0.470000000	0.030845363
0.480000000	0.035146578
0.490000000	0.041607307
0.500000000	0.051906550
0.510000000	0.069717881
0.520000000	0.104925418
0.530000000	0.205535297
0.540000000	0.712589055
0.550000000	0.840991779
0.560000000	0.891613444
0.570000000	0.919857545
0.580000000	0.937742198
0.590000000	0.949892391
0.600000000	0.958537364
0.610000000	0.964894467
0.620000000	0.969684599
0.630000000	0.973359707
0.640000000	0.976215571
0.650000000	0.978452177
0.660000000	0.980208253
0.670000000	0.981581785
0.680000000	0.982642807
0.690000000	0.983441477
0.700000000	0.984013361
0.710000000	0.984382861
0.720000000	0.984565414
0.730000000	0.984568836
0.740000000	0.984393969
0.750000000	0.984034770
0.760000000	0.983477826
0.770000000	0.982701234
0.780000000	0.981672664
0.790000000	0.980346332
0.800000000	0.978658263
0.810000000	0.976519019
0.820000000	0.973802184
0.830000000	0.970325621
0.840000000	0.965819723
0.850000000	0.959870608
0.860000000	0.951811030
0.870000000	0.940489641
0.880000000	0.923711210
0.890000000	0.896553571
0.900000000	0.843918649
0.910000000	0.637420235
0.920000000	0.158132482
0.930000000	0.083079322
0.940000000	0.048357817
0.950000000	0.027154397
0.960000000	0.013537146
0.970000000	0.004770199
0.980000000	-0.000954650
0.990000000	-0.004799367
1.000000000	-0.007467724
