0.650000000	-0.014785260
0.654000000	-0.015233028
0.658000000	-0.015635258
0.662000000	-0.015982074
0.666000000	-0.016270540
0.670000000	-0.016500506
0.674000000	-0.016677045
0.678000000	-0.016807874
0.682000000	-0.016898687
0.686000000	-0.016968573
0.690000000	-0.017037491
0.694000000	-0.017133213
0.698000000	-0.017304443
0.702000000	-0.017621778
0.706000000	-0.018171988
0.710000000	-0.019051038
0.714000000	-0.020333947
0.718000000	-0.022066772
0.722000000	-0.024237933
0.726000000	-0.026776920
0.730000000	-0.029575838
0.734000000	-0.032497549
0.738000000	-0.035432320
0.742000000	-0.038318664
0.746000000	-0.041141547
0.750000000	-0.043902827
0.754000000	-0.046610003
0.758000000	-0.049325851
0.762000000	-0.052063344
0.766000000	-0.054868952
0.770000000	-0.057761657
0.774000000	-0.060634589
0.778000000	-0.063496421
0.782000000	-0.066295602
0.786000000	-0.068909957
0.790000000	-0.071249124
0.794000000	-0.073115961
0.798000000	-0.074347306
0.802000000	-0.074576829
0.806000000	-0.073442155
0.810000000	-0.070275573
0.814000000	-0.064218886
0.818000000	-0.054260808
0.822000000	-0.039159592
0.826000000	-0.017968009
0.830000000	0.009113424
0.834000000	0.040118350
0.838000000	0.071375453
0.842000000	0.099740282
0.846000000	0.122939425
0.850000000	0.140561599
0.854000000	0.152805265
0.858000000	0.160616152
0.862000000	0.164015236
0.866000000	0.164087942
0.870000000	0.161592976
0.874000000	0.157248566
0.878000000	0.151563857
0.882000000	0.144883284
0.886000000	0.137859067
0.890000000	0.130591481
0.894000000	0.123296634
0.898000000	0.116062374
0.902000000	0.109002593
0.906000000	0.102176697
0.910000000	0.095613765
0.914000000	0.089313983
0.918000000	0.083285898
0.922000000	0.077503602
0.926000000	0.071945070
0.930000000	0.066592543
0.934000000	0.061419478
0.938000000	0.056407677
0.942000000	0.051542758
0.946000000	0.046810881
0.950000000	0.042202641
0.954000000	0.037720844
0.958000000	0.033373313
0.962000000	0.029175113
0.966000000	0.025147021
0.970000000	0.021314413
0.974000000	0.017699557
0.978000000	0.014323018
0.982000000	0.011199384
0.986000000	0.008336246
0.990000000	0.005733926
0.994000000	0.003385863
0.998000000	0.001279956
1.002000000	-0.000599697
1.006000000	-0.002271415
1.010000000	-0.003754490
1.014000000	-0.005068208
1.018000000	-0.006231056
1.022000000	-0.007260335
1.026000000	-0.008171865
1.030000000	-0.008979899
1.034000000	-0.009697121
1.038000000	-0.010334755
1.042000000	-0.010902649
1.046000000	-0.011409409
1.050000000	-0.011862540
