0.700000000	-0.029711641
0.705000000	-0.034676264
0.710000000	-0.039689572
0.715000000	-0.044517679
0.720000000	-0.049113961
0.725000000	-0.053641326
0.730000000	-0.058352117
0.735000000	-0.063539909
0.740000000	-0.069494571
0.745000000	-0.076489973
0.750000000	-0.084753631
0.755000000	-0.094580699
0.760000000	-0.106343986
0.765000000	-0.120641163
0.770000000	-0.138136677
0.775000000	-0.159715333
0.780000000	-0.185037837
0.785000000	-0.197638693
0.790000000	0.650177012
0.795000000	0.755141058
0.800000000	0.793715459
0.805000000	0.815649249
0.810000000	0.829453671
0.815000000	0.838192334
0.820000000	0.843279952
0.825000000	0.845421626
0.830000000	0.844967427
0.835000000	0.842033158
0.840000000	0.836558850
0.845000000	0.828323106
0.850000000	0.816929088
0.855000000	0.801773540
0.860000000	0.781961547
0.865000000	0.756200484
0.870000000	0.722591607
0.875000000	0.678344880
0.880000000	0.619579066
0.885000000	0.542519542
0.890000000	0.450448618
0.895000000	0.360032408
0.900000000	0.286848055
0.905000000	0.232707011
0.910000000	0.192599097
0.915000000	0.161989609
0.920000000	0.137771481
0.925000000	0.117961334
0.930000000	0.101305098
0.935000000	0.086975565
0.940000000	0.074429387
0.945000000	0.063299829
0.950000000	0.053344227
0.955000000	0.044411659
0.960000000	0.036406968
0.965000000	0.029270621
0.970000000	0.022960224
0.975000000	0.017434152
0.980000000	0.012641616
0.985000000	0.008521289
0.990000000	0.005003261
0.995000000	0.002013990
1.000000000	-0.000518886
1.005000000	-0.002662876
1.010000000	-0.004478549
1.015000000	-0.006018711
1.020000000	-0.007328440
1.025000000	-0.008445697
1.030000000	-0.009402118
1.035000000	-0.010223966
1.040000000	-0.010932954
1.045000000	-0.011547014
1.050000000	-0.012080974
1.055000000	-0.012547102
1.060000000	-0.012955576
1.065000000	-0.013314862
1.070000000	-0.013632021
1.075000000	-0.013912970
1.080000000	-0.014162676
1.085000000	-0.014385329
1.090000000	-0.014584471
1.095000000	-0.014763115
1.100000000	-0.014923826
1.105000000	-0.015068796
1.110000000	-0.015199909
1.115000000	-0.015318786
1.120000000	-0.015426827
1.125000000	-0.015525244
1.130000000	-0.015615092
1.135000000	-0.015697291
1.140000000	-0.015772643
1.145000000	-0.015841855
1.150000000	-0.015905544
1.155000000	-0.015964258
1.160000000	-0.016018478
1.165000000	-0.016068631
1.170000000	-0.016115096
1.175000000	-0.016158212
1.180000000	-0.016198279
1.185000000	-0.016235565
1.190000000	-0.016270313
1.195000000	-0.016302737
1.200000000	-0.016333032
