0.650000000	-0.016611609
0.654000000	-0.016904247
0.658000000	-0.017132160
0.662000000	-0.017297886
0.666000000	-0.017407210
0.670000000	-0.017462813
0.674000000	-0.017484374
0.678000000	-0.017481702
0.682000000	-0.017459611
0.686000000	-0.017431476
0.690000000	-0.017402073
0.694000000	-0.017381985
0.698000000	-0.017377683
0.702000000	-0.017392783
0.706000000	-0.017446758
0.710000000	-0.017563812
0.714000000	-0.017782683
0.718000000	-0.018157338
0.722000000	-0.018754258
0.726000000	-0.019632644
0.730000000	-0.020824811
0.734000000	-0.022340587
0.738000000	-0.024150468
0.742000000	-0.026192915
0.746000000	-0.028398101
0.750000000	-0.030687041
0.754000000	-0.032996266
0.758000000	-0.035274420
0.762000000	-0.037504501
0.766000000	-0.039661359
0.770000000	-0.041763280
0.774000000	-0.043809378
0.778000000	-0.045801415
0.782000000	-0.047734227
0.786000000	-0.049559063
0.790000000	-0.051250012
0.794000000	-0.052786922
0.798000000	-0.054035945
0.802000000	-0.054971527
0.806000000	-0.055510191
0.810000000	-0.055535156
0.814000000	-0.054980664
0.818000000	-0.053646906
0.822000000	-0.051491477
0.826000000	-0.048241606
0.830000000	-0.043753256
0.834000000	-0.037954302
0.838000000	-0.030712021
0.842000000	-0.022122934
0.846000000	-0.012363491
0.850000000	-0.001740563
0.854000000	0.009136217
0.858000000	0.019697745
0.862000000	0.029484999
0.866000000	0.038096308
0.870000000	0.045367267
0.874000000	0.051266024
0.878000000	0.055720725
0.882000000	0.058909857
0.886000000	0.060990034
0.890000000	0.062111884
0.894000000	0.062422227
0.898000000	0.062084623
0.902000000	0.061216106
0.906000000	0.059925953
0.910000000	0.058297510
0.914000000	0.056382055
0.918000000	0.054265648
0.922000000	0.051980226
0.926000000	0.049572045
0.930000000	0.047054891
0.934000000	0.044453417
0.938000000	0.041779785
0.942000000	0.039042683
0.946000000	0.036248515
0.950000000	0.033402642
0.954000000	0.030512045
0.958000000	0.027585729
0.962000000	0.024640021
0.966000000	0.021695869
0.970000000	0.018778718
0.974000000	0.015918056
0.978000000	0.013145353
0.982000000	0.010490191
0.986000000	0.007978159
0.990000000	0.005629170
0.994000000	0.003455891
0.998000000	0.001463794
1.002000000	-0.000347740
1.006000000	-0.001984314
1.010000000	-0.003455255
1.014000000	-0.004772216
1.018000000	-0.005948070
1.022000000	-0.006996098
1.026000000	-0.007929304
1.030000000	-0.008760039
1.034000000	-0.009499764
1.038000000	-0.010158933
1.042000000	-0.010746957
1.046000000	-0.011272231
1.050000000	-0.011742166
