0.650000000	-0.017071590
0.654000000	-0.016941552
0.658000000	-0.017072373
0.662000000	-0.017506123
0.666000000	-0.018293330
0.670000000	-0.019516355
0.674000000	-0.021269748
0.678000000	-0.023633914
0.682000000	-0.026651335
0.686000000	-0.030262672
0.690000000	-0.034317177
0.694000000	-0.038586998
0.698000000	-0.042861103
0.702000000	-0.047029591
0.706000000	-0.051052187
0.710000000	-0.055012712
0.714000000	-0.059053604
0.718000000	-0.063355867
0.722000000	-0.068158598
0.726000000	-0.073659834
0.730000000	-0.080111455
0.734000000	-0.087763364
0.738000000	-0.096990659
0.742000000	-0.108240850
0.746000000	-0.122173611
0.750000000	-0.139900588
0.754000000	-0.163003456
0.758000000	-0.194010336
0.762000000	-0.236043064
0.766000000	-0.287877760
0.770000000	0.706475445
0.774000000	0.773863014
0.778000000	0.806681401
0.782000000	0.828414890
0.786000000	0.844207753
0.790000000	0.856186751
0.794000000	0.865456367
0.798000000	0.872665980
0.802000000	0.878231927
0.806000000	0.882430677
0.810000000	0.885449525
0.814000000	0.887416235
0.818000000	0.888412822
0.822000000	0.888486546
0.826000000	0.887654684
0.830000000	0.885907487
0.834000000	0.883208563
0.838000000	0.879494145
0.842000000	0.874670290
0.846000000	0.868608174
0.850000000	0.861137632
0.854000000	0.852037777
0.858000000	0.841024231
0.862000000	0.827731010
0.866000000	0.811687345
0.870000000	0.792284885
0.874000000	0.768729780
0.878000000	0.739982110
0.882000000	0.704659394
0.886000000	0.660945513
0.890000000	0.606598925
0.894000000	0.539688412
0.898000000	0.461735840
0.902000000	0.381577190
0.906000000	0.311058261
0.910000000	0.255345931
0.914000000	0.212755620
0.918000000	0.179869793
0.922000000	0.153847183
0.926000000	0.132665920
0.930000000	0.114994279
0.934000000	0.099937847
0.938000000	0.086879993
0.942000000	0.075401457
0.946000000	0.065205932
0.950000000	0.056087188
0.954000000	0.047899550
0.958000000	0.040539692
0.962000000	0.033931590
0.966000000	0.028019791
0.970000000	0.022754466
0.974000000	0.018088377
0.978000000	0.013974008
0.982000000	0.010362194
0.986000000	0.007202904
0.990000000	0.004446470
0.994000000	0.002045190
0.998000000	-0.000045451
1.002000000	-0.001866023
1.006000000	-0.003452904
1.010000000	-0.004838122
1.014000000	-0.006049609
1.018000000	-0.007111505
1.022000000	-0.008044556
1.026000000	-0.008866549
1.030000000	-0.009592650
1.034000000	-0.010235805
1.038000000	-0.010807065
1.042000000	-0.011315860
1.046000000	-0.011770249
1.050000000	-0.012177130
