0.600000000	-0.041589310
0.604000000	-0.042643310
0.608000000	-0.043583645
0.612000000	-0.044441379
0.616000000	-0.045251168
0.620000000	-0.046052229
0.624000000	-0.046890575
0.628000000	-0.047815762
0.632000000	-0.048887617
0.636000000	-0.050170221
0.640000000	-0.051731070
0.644000000	-0.053635213
0.648000000	-0.055940878
0.652000000	-0.058684332
0.656000000	-0.061881692
0.660000000	-0.065536798
0.664000000	-0.069649468
0.668000000	-0.074252258
0.672000000	-0.079447276
0.676000000	-0.085403139
0.680000000	-0.092438712
0.684000000	-0.100973589
0.688000000	-0.111674166
0.692000000	-0.125524673
0.696000000	-0.143940161
0.700000000	-0.169305342
0.704000000	-0.204849040
0.708000000	-0.252992202
0.712000000	0.569131635
0.716000000	0.713722522
0.720000000	0.761321114
0.724000000	0.795295980
0.728000000	0.821461563
0.732000000	0.842330418
0.736000000	0.859319312
0.740000000	0.873339000
0.744000000	0.885021703
0.748000000	0.894827596
0.752000000	0.903102366
0.756000000	0.910111417
0.760000000	0.916061689
0.764000000	0.921116434
0.768000000	0.925405465
0.772000000	0.929032612
0.776000000	0.932081142
0.780000000	0.934617806
0.784000000	0.936695937
0.788000000	0.938357735
0.792000000	0.939636000
0.796000000	0.940555450
0.800000000	0.941133664
0.804000000	0.941381736
0.808000000	0.941304687
0.812000000	0.940901640
0.816000000	0.940165796
0.820000000	0.939084179
0.824000000	0.937637160
0.828000000	0.935797706
0.832000000	0.933530325
0.836000000	0.930789645
0.840000000	0.927518488
0.844000000	0.923645347
0.848000000	0.919081039
0.852000000	0.913714302
0.856000000	0.907405902
0.860000000	0.899980759
0.864000000	0.891217313
0.868000000	0.880832974
0.872000000	0.868464100
0.876000000	0.853638114
0.880000000	0.835734402
0.884000000	0.813929303
0.888000000	0.787119457
0.892000000	0.753818113
0.896000000	0.712030472
0.900000000	0.659152300
0.904000000	0.592116776
0.908000000	0.508760214
0.912000000	0.412980534
0.916000000	0.320756941
0.920000000	0.247748051
0.924000000	0.195115310
0.928000000	0.157154656
0.932000000	0.128792536
0.936000000	0.106760009
0.940000000	0.089058626
0.944000000	0.074450296
0.948000000	0.062150603
0.952000000	0.051652409
0.956000000	0.042618642
0.960000000	0.034816904
0.964000000	0.028076264
0.968000000	0.022261091
0.972000000	0.017255488
0.976000000	0.012955695
0.980000000	0.009267484
0.984000000	0.006105408
0.988000000	0.003393225
0.992000000	0.001063850
0.996000000	-0.000940767
1.000000000	-0.002670361
