0.300000000	0.023647173
0.310000000	0.024920842
0.320000000	0.026574154
0.330000000	0.028776559
0.340000000	0.031806167
0.350000000	0.036145203
0.360000000	0.042687413
0.370000000	0.053229320
0.380000000	0.071835881
0.390000000	0.110488703
0.400000000	0.280858403
0.410000000	0.855820031
0.420000000	0.903703991
0.430000000	0.928952230
0.440000000	0.944795034
0.450000000	0.955596635
0.460000000	0.963349731
0.470000000	0.969119794
0.480000000	0.973531806
0.490000000	0.976977560
0.500000000	0.979714872
0.510000000	0.981919978
0.520000000	0.983715104
0.530000000	0.985191291
0.540000000	0.986411502
0.550000000	0.987425532
0.560000000	0.988270208
0.570000000	0.988974041
0.580000000	0.989557858
0.590000000	0.990039855
0.600000000	0.990432035
0.610000000	0.990745479
0.620000000	0.990987539
0.630000000	0.991164364
0.640000000	0.991279954
0.650000000	0.991337051
0.660000000	0.991337363
0.670000000	0.991280865
0.680000000	0.991166428
0.690000000	0.990991779
0.700000000	0.990753185
0.710000000	0.990445160
0.720000000	0.990060937
0.730000000	0.989590733
0.740000000	0.989022714
0.750000000	0.988341493
0.760000000	0.987526466
0.770000000	0.986553091
0.780000000	0.985386809
0.790000000	0.983984466
0.800000000	0.982288040
0.810000000	0.980217198
0.820000000	0.977663107
0.830000000	0.974469692
0.840000000	0.970409654
0.850000000	0.965135354
0.860000000	0.958088967
0.870000000	0.948304332
0.880000000	0.933915874
0.890000000	0.910573233
0.900000000	0.863058048
0.910000000	0.261897162
0.920000000	0.100725638
0.930000000	0.056882301
0.940000000	0.032324377
0.950000000	0.016755215
0.960000000	0.006809648
0.970000000	0.000400948
0.980000000	-0.003840249
0.990000000	-0.006746668
1.000000000	-0.008809271
