0.600000000	0.061959718
0.602000000	0.067721950
0.604000000	0.074645725
0.606000000	0.083048996
0.608000000	0.093373894
0.610000000	0.106211718
0.612000000	0.122413550
0.614000000	0.143161963
0.616000000	0.170031303
0.618000000	0.205132956
0.620000000	0.250665009
0.622000000	0.307659920
0.624000000	0.373685803
0.626000000	0.442234326
0.628000000	0.506486670
0.630000000	0.562968658
0.632000000	0.611246531
0.634000000	0.652209230
0.636000000	0.687035186
0.638000000	0.716813222
0.640000000	0.742451048
0.642000000	0.764679407
0.644000000	0.784080543
0.646000000	0.801118802
0.648000000	0.816166565
0.650000000	0.829524763
0.652000000	0.841438609
0.654000000	0.852109597
0.656000000	0.861704613
0.658000000	0.870362953
0.660000000	0.878201703
0.662000000	0.885319929
0.664000000	0.891801957
0.666000000	0.897719980
0.668000000	0.903136116
0.670000000	0.908104078
0.672000000	0.912670516
0.674000000	0.916876115
0.676000000	0.920756495
0.678000000	0.924342954
0.680000000	0.927663084
0.682000000	0.930741289
0.684000000	0.933599216
0.686000000	0.936256119
0.688000000	0.938729171
0.690000000	0.941033724
0.692000000	0.943183538
0.694000000	0.945190970
0.696000000	0.947067140
0.698000000	0.948822077
0.700000000	0.950464842
0.702000000	0.952003635
0.704000000	0.953445890
0.706000000	0.954798357
0.708000000	0.956067172
0.710000000	0.957257924
0.712000000	0.958375708
0.714000000	0.959425173
0.716000000	0.960410569
0.718000000	0.961335781
0.720000000	0.962204368
0.722000000	0.963019588
0.724000000	0.963784430
0.726000000	0.964501633
0.728000000	0.965173712
0.730000000	0.965802974
0.732000000	0.966391538
0.734000000	0.966941346
0.736000000	0.967454182
0.738000000	0.967931681
0.740000000	0.968375341
0.742000000	0.968786532
0.744000000	0.969166506
0.746000000	0.969516407
0.748000000	0.969837273
0.750000000	0.970130046
0.752000000	0.970395579
0.754000000	0.970634638
0.756000000	0.970847906
0.758000000	0.971035990
0.760000000	0.971199425
0.762000000	0.971338672
0.764000000	0.971454125
0.766000000	0.971546114
0.768000000	0.971614902
0.770000000	0.971660690
0.772000000	0.971683618
0.774000000	0.971683765
0.776000000	0.971661150
0.778000000	0.971615730
0.780000000	0.971547403
0.782000000	0.971456006
0.784000000	0.971341312
0.786000000	0.971203033
0.788000000	0.971040815
0.790000000	0.970854236
0.792000000	0.970642807
0.794000000	0.970405963
0.796000000	0.970143068
0.798000000	0.969853404
0.800000000	0.969536169
0.802000000	0.969190473
0.804000000	0.968815333
0.806000000	0.968409664
0.808000000	0.967972275
0.810000000	0.967501860
0.812000000	0.966996988
0.814000000	0.966456095
0.816000000	0.965877473
0.818000000	0.965259255
0.820000000	0.964599404
0.822000000	0.963895698
0.824000000	0.963145711
0.826000000	0.962346791
0.828000000	0.961496044
0.830000000	0.960590303
0.832000000	0.959626104
0.834000000	0.958599653
0.836000000	0.957506789
0.838000000	0.956342942
0.840000000	0.955103089
0.842000000	0.953781696
0.844000000	0.952372662
0.846000000	0.950869240
0.848000000	0.949263962
0.850000000	0.947548537
0.852000000	0.945713746
0.854000000	0.943749306
0.856000000	0.941643721
0.858000000	0.939384098
0.860000000	0.936955938
0.862000000	0.934342872
0.864000000	0.931526364
0.866000000	0.928485330
0.868000000	0.925195695
0.870000000	0.921629838
0.872000000	0.917755912
0.874000000	0.913536993
0.876000000	0.908930016
0.878000000	0.903884424
0.880000000	0.898340432
0.882000000	0.892226776
0.884000000	0.885457755
0.886000000	0.877929289
0.888000000	0.869513584
0.890000000	0.860051795
0.892000000	0.849343740
0.894000000	0.837133231
0.896000000	0.823086704
0.898000000	0.806761483
0.900000000	0.787557571
0.902000000	0.764643793
0.904000000	0.736844416
0.906000000	0.702474965
0.908000000	0.659153390
0.910000000	0.603824897
0.912000000	0.534016859
0.914000000	0.452303139
0.916000000	0.370586605
0.918000000	0.301797645
0.920000000	0.249269607
0.922000000	0.209936020
0.924000000	0.179963860
0.926000000	0.156477515
0.928000000	0.137559487
0.930000000	0.121942767
0.932000000	0.108777894
0.934000000	0.097480707
0.936000000	0.087641667
0.938000000	0.078964444
0.940000000	0.071231738
0.942000000	0.064282766
0.944000000	0.057995911
0.946000000	0.052278340
0.948000000	0.047058553
0.950000000	0.042279920
0.952000000	0.037897356
0.954000000	0.033873162
0.956000000	0.030176394
0.958000000	0.026779565
0.960000000	0.023658493
0.962000000	0.020791160
0.964000000	0.018157385
0.966000000	0.015738421
0.968000000	0.013516791
0.970000000	0.011476219
0.972000000	0.009601482
0.974000000	0.007878501
0.976000000	0.006294189
0.978000000	0.004836477
0.980000000	0.003494264
0.982000000	0.002257376
0.984000000	0.001116478
0.986000000	0.000063090
0.988000000	-0.000910525
0.990000000	-0.001811377
0.992000000	-0.002645847
0.994000000	-0.003419697
0.996000000	-0.004138166
0.998000000	-0.004805993
1.000000000	-0.005427467
