0.450000000	0.020342338
0.452000000	0.020458629
0.454000000	0.020580277
0.456000000	0.020707599
0.458000000	0.020840929
0.460000000	0.020980633
0.462000000	0.021127099
0.464000000	0.021280746
0.466000000	0.021442025
0.468000000	0.021611424
0.470000000	0.021789464
0.472000000	0.021976712
0.474000000	0.022173789
0.476000000	0.022381343
0.478000000	0.022600097
0.480000000	0.022830835
0.482000000	0.023074402
0.484000000	0.023331709
0.486000000	0.023603767
0.488000000	0.023891668
0.490000000	0.024196604
0.492000000	0.024519883
0.494000000	0.024862926
0.496000000	0.025227315
0.498000000	0.025614762
0.500000000	0.026027198
0.502000000	0.026466690
0.504000000	0.026935545
0.506000000	0.027436340
0.508000000	0.027971919
0.510000000	0.028545446
0.512000000	0.029160428
0.514000000	0.029820779
0.516000000	0.030530924
0.518000000	0.031295775
0.520000000	0.032120904
0.522000000	0.033012533
0.524000000	0.033977737
0.526000000	0.035024537
0.528000000	0.036162091
0.530000000	0.037400767
0.532000000	0.038752492
0.534000000	0.040230988
0.536000000	0.041852015
0.538000000	0.043633917
0.540000000	0.045598061
0.542000000	0.047769325
0.544000000	0.050177023
0.546000000	0.052855990
0.548000000	0.055847545
0.550000000	0.059201507
0.552000000	0.062978078
0.554000000	0.067251265
0.556000000	0.072112541
0.558000000	0.077677060
0.560000000	0.084092520
0.562000000	0.091551760
0.564000000	0.100312299
0.566000000	0.110727257
0.568000000	0.123300661
0.570000000	0.138771040
0.572000000	0.158282712
0.574000000	0.183679744
0.576000000	0.218076531
0.578000000	0.266722896
0.580000000	0.336820769
0.582000000	0.429185700
0.584000000	0.523968339
0.586000000	0.600716141
0.588000000	0.658267830
0.590000000	0.702014909
0.592000000	0.736327810
0.594000000	0.764022239
0.596000000	0.786897442
0.598000000	0.806142249
0.600000000	0.822573005
0.602000000	0.836770433
0.604000000	0.849160504
0.606000000	0.860063946
0.608000000	0.869727678
0.610000000	0.878345464
0.612000000	0.886071875
0.614000000	0.893031982
0.616000000	0.899328247
0.618000000	0.905045534
0.620000000	0.910254809
0.622000000	0.915015926
0.624000000	0.919379757
0.626000000	0.923389835
0.628000000	0.927083646
0.630000000	0.930493652
0.632000000	0.933648108
0.634000000	0.936571721
0.636000000	0.939286196
0.638000000	0.941810668
0.640000000	0.944162073
0.642000000	0.946355453
0.644000000	0.948404207
0.646000000	0.950320310
0.648000000	0.952114488
0.650000000	0.953796382
0.652000000	0.955374669
0.654000000	0.956857185
0.656000000	0.958251017
0.658000000	0.959562589
0.660000000	0.960797737
0.662000000	0.961961763
0.664000000	0.963059512
0.666000000	0.964095397
0.668000000	0.965073459
0.670000000	0.965997394
0.672000000	0.966870593
0.674000000	0.967696170
0.676000000	0.968476983
0.678000000	0.969215673
0.680000000	0.969914661
0.682000000	0.970576183
0.684000000	0.971202307
0.686000000	0.971794945
0.688000000	0.972355854
0.690000000	0.972886672
0.692000000	0.973388908
0.694000000	0.973863967
0.696000000	0.974313139
0.698000000	0.974737633
0.700000000	0.975138559
0.702000000	0.975516958
0.704000000	0.975873785
0.706000000	0.976209930
0.708000000	0.976526218
0.710000000	0.976823417
0.712000000	0.977102230
0.714000000	0.977363318
0.716000000	0.977607281
0.718000000	0.977834682
0.720000000	0.978046035
0.722000000	0.978241815
0.724000000	0.978422456
0.726000000	0.978588357
0.728000000	0.978739883
0.730000000	0.978877361
0.732000000	0.979001089
0.734000000	0.979111332
0.736000000	0.979208331
0.738000000	0.979292292
0.740000000	0.979363395
0.742000000	0.979421796
0.744000000	0.979467622
0.746000000	0.979500976
0.748000000	0.979521934
0.750000000	0.979530549
0.752000000	0.979526847
0.754000000	0.979510832
0.756000000	0.979482483
0.758000000	0.979441753
0.760000000	0.979388570
0.762000000	0.979322840
0.764000000	0.979244439
0.766000000	0.979153222
0.768000000	0.979049012
0.770000000	0.978931609
0.772000000	0.978800784
0.774000000	0.978656276
0.776000000	0.978497797
0.778000000	0.978325025
0.780000000	0.978137606
0.782000000	0.977935152
0.784000000	0.977717237
0.786000000	0.977483396
0.788000000	0.977233126
0.790000000	0.976965880
0.792000000	0.976681064
0.794000000	0.976378035
0.796000000	0.976056098
0.798000000	0.975714507
0.800000000	0.975352447
0.802000000	0.974969051
0.804000000	0.974563369
0.806000000	0.974134389
0.808000000	0.973681014
0.810000000	0.973202056
0.812000000	0.972696241
0.814000000	0.972162188
0.816000000	0.971598403
0.818000000	0.971003274
0.820000000	0.970375060
0.822000000	0.969711863
0.824000000	0.969011640
0.826000000	0.968272165
0.828000000	0.967491027
0.830000000	0.966665595
0.832000000	0.965793008
0.834000000	0.964870146
0.836000000	0.963893603
0.838000000	0.962859648
0.840000000	0.961764196
0.842000000	0.960602761
0.844000000	0.959370408
0.846000000	0.958061697
0.848000000	0.956670618
0.850000000	0.955190516
0.852000000	0.953614001
0.854000000	0.951932847
0.856000000	0.950137868
0.858000000	0.948218777
0.860000000	0.946164010
0.862000000	0.943960528
0.864000000	0.941593562
0.866000000	0.939046317
0.868000000	0.936299604
0.870000000	0.933331386
0.872000000	0.930116215
0.874000000	0.926624526
0.876000000	0.922821735
0.878000000	0.918667085
0.880000000	0.914112145
0.882000000	0.909098824
0.884000000	0.903556713
0.886000000	0.897399452
0.888000000	0.890519675
0.890000000	0.882781808
0.892000000	0.874011545
0.894000000	0.863980010
0.896000000	0.852379087
0.898000000	0.838781415
0.900000000	0.822572438
0.902000000	0.802828234
0.904000000	0.778081386
0.906000000	0.745838260
0.908000000	0.701522301
0.910000000	0.636318449
0.912000000	0.536919873
0.914000000	0.411998125
0.916000000	0.310307513
0.918000000	0.244282037
0.920000000	0.200537417
0.922000000	0.169499158
0.924000000	0.146153284
0.926000000	0.127795583
0.928000000	0.112861339
0.930000000	0.100382257
0.932000000	0.089729621
0.934000000	0.080478422
0.936000000	0.072331097
0.938000000	0.065075316
0.940000000	0.058556379
0.942000000	0.052659835
0.944000000	0.047299184
0.946000000	0.042408665
0.948000000	0.037936444
0.950000000	0.033840816
0.952000000	0.030087179
0.954000000	0.026645900
0.956000000	0.023490932
0.958000000	0.020598759
0.960000000	0.017947819
0.962000000	0.015518286
0.964000000	0.013291600
0.966000000	0.011250507
0.968000000	0.009378999
0.970000000	0.007662201
0.972000000	0.006086376
0.974000000	0.004638884
0.976000000	0.003308133
0.978000000	0.002083538
0.980000000	0.000955457
0.982000000	-0.000084875
0.984000000	-0.001045407
0.986000000	-0.001933331
0.988000000	-0.002755154
0.990000000	-0.003516753
0.992000000	-0.004223432
0.994000000	-0.004879984
0.996000000	-0.005490731
0.998000000	-0.006059581
1.000000000	-0.006590061
