0.500000000	0.948770893
0.502000000	0.950927888
0.504000000	0.952940728
0.506000000	0.954822376
0.508000000	0.956584018
0.510000000	0.958235823
0.512000000	0.959787224
0.514000000	0.961245901
0.516000000	0.962619349
0.518000000	0.963913940
0.520000000	0.965135757
0.522000000	0.966290091
0.524000000	0.967381757
0.526000000	0.968415168
0.528000000	0.969394312
0.530000000	0.970322924
0.532000000	0.971204274
0.534000000	0.972041504
0.536000000	0.972837337
0.538000000	0.973594495
0.540000000	0.974315243
0.542000000	0.975001857
0.544000000	0.975656325
0.546000000	0.976280514
0.548000000	0.976876245
0.550000000	0.977445031
0.552000000	0.977988428
0.554000000	0.978507799
0.556000000	0.979004441
0.558000000	0.979479582
0.560000000	0.979934312
0.562000000	0.980369700
0.564000000	0.980786721
0.566000000	0.981186292
0.568000000	0.981569258
0.570000000	0.981936427
0.572000000	0.982288532
0.574000000	0.982626318
0.576000000	0.982950429
0.578000000	0.983261451
0.580000000	0.983560002
0.582000000	0.983846633
0.584000000	0.984121851
0.586000000	0.984386145
0.588000000	0.984639959
0.590000000	0.984883733
0.592000000	0.985117892
0.594000000	0.985342776
0.596000000	0.985558801
0.598000000	0.985766271
0.600000000	0.985965509
0.602000000	0.986156863
0.604000000	0.986340492
0.606000000	0.986516927
0.608000000	0.986686121
0.610000000	0.986848602
0.612000000	0.987004346
0.614000000	0.987153739
0.616000000	0.987296939
0.618000000	0.987434086
0.620000000	0.987565508
0.622000000	0.987691244
0.624000000	0.987811488
0.626000000	0.987926273
0.628000000	0.988036187
0.630000000	0.988140877
0.632000000	0.988240722
0.634000000	0.988335824
0.636000000	0.988426231
0.638000000	0.988512088
0.640000000	0.988593471
0.642000000	0.988670567
0.644000000	0.988743367
0.646000000	0.988811991
0.648000000	0.988876611
0.650000000	0.988937184
0.652000000	0.988993781
0.654000000	0.989046571
0.656000000	0.989095521
0.658000000	0.989140716
0.660000000	0.989182178
0.662000000	0.989220053
0.664000000	0.989254278
0.666000000	0.989284962
0.668000000	0.989312095
0.670000000	0.989335717
0.672000000	0.989355899
0.674000000	0.989372589
0.676000000	0.989385863
0.678000000	0.989395720
0.680000000	0.989402186
0.682000000	0.989405248
0.684000000	0.989404935
0.686000000	0.989401236
0.688000000	0.989394144
0.690000000	0.989383667
0.692000000	0.989369788
0.694000000	0.989352494
0.696000000	0.989331775
0.698000000	0.989307605
0.700000000	0.989279964
0.702000000	0.989248823
0.704000000	0.989214151
0.706000000	0.989175915
0.708000000	0.989134076
0.710000000	0.989088589
0.712000000	0.989039404
0.714000000	0.988986450
0.716000000	0.988929748
0.718000000	0.988869154
0.720000000	0.988804639
0.722000000	0.988736120
0.724000000	0.988663523
0.726000000	0.988586791
0.728000000	0.988505780
0.730000000	0.988420499
0.732000000	0.988330749
0.734000000	0.988236497
0.736000000	0.988137606
0.738000000	0.988033950
0.740000000	0.987925380
0.742000000	0.987811880
0.744000000	0.987693217
0.746000000	0.987569265
0.748000000	0.987439858
0.750000000	0.987304842
0.752000000	0.987164060
0.754000000	0.987017322
0.756000000	0.986864438
0.758000000	0.986705197
0.760000000	0.986539395
0.762000000	0.986366737
0.764000000	0.986187171
0.766000000	0.986000268
0.768000000	0.985805823
0.770000000	0.985603539
0.772000000	0.985393120
0.774000000	0.985174267
0.776000000	0.984946625
0.778000000	0.984709862
0.780000000	0.984463567
0.782000000	0.984207404
0.784000000	0.983940887
0.786000000	0.983663608
0.788000000	0.983375086
0.790000000	0.983074817
0.792000000	0.982762232
0.794000000	0.982436821
0.796000000	0.982097934
0.798000000	0.981744988
0.800000000	0.981377223
0.802000000	0.980993925
0.804000000	0.980594325
0.806000000	0.980177567
0.808000000	0.979742820
0.810000000	0.979289038
0.812000000	0.978815273
0.814000000	0.978320393
0.816000000	0.977803180
0.818000000	0.977262486
0.820000000	0.976696800
0.822000000	0.976104752
0.824000000	0.975484727
0.826000000	0.974835034
0.828000000	0.974153763
0.830000000	0.973438994
0.832000000	0.972688527
0.834000000	0.971899955
0.836000000	0.971070749
0.838000000	0.970198095
0.840000000	0.969278878
0.842000000	0.968309813
0.844000000	0.967287201
0.846000000	0.966206984
0.848000000	0.965064595
0.850000000	0.963855349
0.852000000	0.962573597
0.854000000	0.961213248
0.856000000	0.959767595
0.858000000	0.958228924
0.860000000	0.956588910
0.862000000	0.954837603
0.864000000	0.952964511
0.866000000	0.950957162
0.868000000	0.948801141
0.870000000	0.946480253
0.872000000	0.943975432
0.874000000	0.941264987
0.876000000	0.938322562
0.878000000	0.935117701
0.880000000	0.931613659
0.882000000	0.927765812
0.884000000	0.923519052
0.886000000	0.918805819
0.888000000	0.913539154
0.890000000	0.907607757
0.892000000	0.900863261
0.894000000	0.893102990
0.896000000	0.884039093
0.898000000	0.873242237
0.900000000	0.860028786
0.902000000	0.843205107
0.904000000	0.820373338
0.906000000	0.785392074
0.908000000	0.711461078
0.910000000	0.421257265
0.912000000	0.255246733
0.914000000	0.194645464
0.916000000	0.159294096
0.918000000	0.135030760
0.920000000	0.116886545
0.922000000	0.102556606
0.924000000	0.090796208
0.926000000	0.080865551
0.928000000	0.072295233
0.930000000	0.064773370
0.932000000	0.058086017
0.934000000	0.052082452
0.936000000	0.046654526
0.938000000	0.041722595
0.940000000	0.037226621
0.942000000	0.033119945
0.944000000	0.029364914
0.946000000	0.025929996
0.948000000	0.022787763
0.950000000	0.019913746
0.952000000	0.017285558
0.954000000	0.014882490
0.956000000	0.012685274
0.958000000	0.010675926
0.960000000	0.008837807
0.962000000	0.007155399
0.964000000	0.005614455
0.966000000	0.004201873
0.968000000	0.002905668
0.970000000	0.001714941
0.972000000	0.000619794
0.974000000	-0.000388728
0.976000000	-0.001318720
0.978000000	-0.002177466
0.980000000	-0.002971537
0.982000000	-0.003706850
0.984000000	-0.004388705
0.986000000	-0.005021885
0.988000000	-0.005610687
0.990000000	-0.006158984
0.992000000	-0.006670252
0.994000000	-0.007147626
0.996000000	-0.007593939
0.998000000	-0.008011740
1.000000000	-0.008403342
