0.650000000	-0.012987032
0.654000000	-0.013324898
0.658000000	-0.013687184
0.662000000	-0.014053444
0.666000000	-0.014405169
0.670000000	-0.014740343
0.674000000	-0.015059087
0.678000000	-0.015379708
0.682000000	-0.015731844
0.686000000	-0.016177994
0.690000000	-0.016796199
0.694000000	-0.017705903
0.698000000	-0.019028350
0.702000000	-0.020860753
0.706000000	-0.023226129
0.710000000	-0.026096157
0.714000000	-0.029346628
0.718000000	-0.032812124
0.722000000	-0.036337748
0.726000000	-0.039808434
0.730000000	-0.043163587
0.734000000	-0.046423308
0.738000000	-0.049630194
0.742000000	-0.052884300
0.746000000	-0.056275217
0.750000000	-0.059883213
0.754000000	-0.063755648
0.758000000	-0.067928200
0.762000000	-0.072459243
0.766000000	-0.077315018
0.770000000	-0.082474458
0.774000000	-0.087886236
0.778000000	-0.093489057
0.782000000	-0.099066612
0.786000000	-0.104432159
0.790000000	-0.108815476
0.794000000	-0.111113090
0.798000000	-0.108687146
0.802000000	-0.095238957
0.806000000	-0.055278471
0.810000000	0.044893969
0.814000000	0.253724361
0.818000000	0.472017371
0.822000000	0.589459009
0.826000000	0.645905757
0.830000000	0.674692327
0.834000000	0.688931307
0.838000000	0.693789291
0.842000000	0.691560687
0.846000000	0.683028074
0.850000000	0.668206593
0.854000000	0.646596443
0.858000000	0.617268182
0.862000000	0.579283886
0.866000000	0.532384801
0.870000000	0.478309415
0.874000000	0.421396873
0.878000000	0.367087898
0.882000000	0.319033146
0.886000000	0.278348292
0.890000000	0.244435731
0.894000000	0.216049764
0.898000000	0.192259937
0.902000000	0.172061405
0.906000000	0.154673609
0.910000000	0.139532276
0.914000000	0.126177406
0.918000000	0.114290417
0.922000000	0.103596348
0.926000000	0.093879317
0.930000000	0.084971190
0.934000000	0.076734585
0.938000000	0.069063047
0.942000000	0.061892656
0.946000000	0.055158196
0.950000000	0.048819879
0.954000000	0.042851082
0.958000000	0.037242036
0.962000000	0.031991039
0.966000000	0.027102830
0.970000000	0.022583787
0.974000000	0.018437559
0.978000000	0.014663530
0.982000000	0.011254164
0.986000000	0.008195465
0.990000000	0.005467584
0.994000000	0.003046397
0.998000000	0.000905350
1.002000000	-0.000983157
1.006000000	-0.002646321
1.010000000	-0.004110004
1.014000000	-0.005398161
1.018000000	-0.006532558
1.022000000	-0.007532668
1.026000000	-0.008415700
1.030000000	-0.009196744
1.034000000	-0.009888963
1.038000000	-0.010503766
1.042000000	-0.011051040
1.046000000	-0.011539328
1.050000000	-0.011976007
